 -0.050  0.020
 -0.090  0.080
 -0.090  0.100
 -0.050  0.100
 -0.050  0.140
 -0.050  0.190
 -0.030  0.220
  0.000  0.240
  0.020  0.260
  0.050  0.300
  0.050  0.350
  0.010  0.390
  0.000  0.400
  0.020  0.420
  0.010  0.470
 -0.020  0.480
 -0.030  0.520
 -0.010  0.610
 -0.020  0.680
 -0.040  0.700
 -0.050  0.650
 -0.070  0.570
 -0.120  0.520
 -0.130  0.460
 -0.130  0.400
 -0.140  0.360
 -0.160  0.370
 -0.170  0.370
 -0.160  0.280
 -0.140  0.300
 -0.160  0.340
 -0.180  0.340
 -0.190  0.250
 -0.180  0.160
 -0.180  0.100
 -0.180  0.100
 -0.180  0.000
 -0.170 -0.090
 -0.170 -0.100
 -0.210 -0.110
 -0.250 -0.180
 -0.250 -0.270
 -0.210 -0.350
 -0.030 -0.360
  0.420 -0.420
  1.040 -0.530
  1.650 -0.630
  1.950 -0.650
  1.700 -0.640
  1.030 -0.660
  0.370 -0.700
  0.070 -0.710
  0.030 -0.700
 -0.120 -0.690
 -0.200 -0.720
 -0.210 -0.710
 -0.210 -0.690
 -0.210 -0.700
 -0.230 -0.690
 -0.240 -0.640
 -0.260 -0.590
 -0.260 -0.640
 -0.240 -0.650
 -0.230 -0.540
 -0.240 -0.490
 -0.250 -0.490
 -0.260 -0.430
 -0.260 -0.340
 -0.260 -0.270
 -0.270 -0.220
 -0.260 -0.160
 -0.250 -0.040
 -0.270  0.110
 -0.280  0.150
 -0.260  0.150
 -0.260  0.180
 -0.270  0.250
 -0.270  0.270
 -0.260  0.270
 -0.250  0.320
 -0.250  0.390
 -0.270  0.400
 -0.270  0.410
 -0.250  0.390
 -0.250  0.440
 -0.260  0.540
 -0.260  0.580
 -0.240  0.630
 -0.230  0.660
 -0.230  0.650
 -0.250  0.640
 -0.240  0.690
 -0.230  0.760
 -0.220  0.860
 -0.220  0.890
 -0.220  0.870
 -0.200  0.870
 -0.200  0.880
 -0.210  0.800
 -0.210  0.690
 -0.170  0.550
 -0.180  0.480
 -0.190  0.470
 -0.170  0.360
 -0.140  0.350
 -0.140  0.370
 -0.150  0.340
 -0.140  0.220
 -0.110  0.060
 -0.090  0.010
 -0.080  0.020
 -0.070 -0.030
 -0.050 -0.120
 -0.030 -0.210
  0.010 -0.290
  0.020 -0.350
  0.040 -0.430
  0.050 -0.520
  0.060 -0.570
  0.050 -0.620
  0.060 -0.680
  0.090 -0.720
  0.090 -0.680
  0.080 -0.650
  0.090 -0.710
  0.100 -0.760
  0.090 -0.720
  0.080 -0.690
  0.060 -0.710
  0.060 -0.750
  0.030 -0.710
 -0.010 -0.670
 -0.020 -0.650
 -0.020 -0.670
 -0.020 -0.680
 -0.030 -0.640
 -0.090 -0.600
 -0.090 -0.520
 -0.070 -0.390
 -0.090 -0.310
 -0.120 -0.230
 -0.120 -0.140
 -0.120 -0.060
 -0.140  0.060
 -0.130  0.160
 -0.110  0.170
 -0.100  0.160
 -0.120  0.190
 -0.150  0.270
 -0.140  0.350
 -0.120  0.320
 -0.140  0.280
 -0.130  0.280
 -0.140  0.400
 -0.130  0.410
 -0.130  0.450
 -0.150  0.520
 -0.150  0.570
 -0.140  0.600
 -0.130  0.620
 -0.140  0.690
 -0.140  0.730
 -0.140  0.700
 -0.110  0.710
 -0.120  0.820
 -0.140  0.860
 -0.120  0.820
 -0.120  0.880
 -0.110  0.910
 -0.110  0.890
 -0.100  0.820
 -0.090  0.670
 -0.100  0.590
 -0.100  0.550
 -0.090  0.530
 -0.060  0.510
 -0.080  0.500
 -0.090  0.510
 -0.090  0.420
 -0.070  0.430
 -0.060  0.330
 -0.080  0.200
 -0.080  0.150
 -0.070  0.100
 -0.080 -0.020
 -0.090 -0.120
 -0.080 -0.190
 -0.080 -0.340
 -0.060 -0.380
 -0.090 -0.410
 -0.090 -0.460
 -0.090 -0.520
 -0.080 -0.580
 -0.100 -0.570
 -0.080 -0.650
 -0.070 -0.760
 -0.080 -0.750
 -0.090 -0.680
 -0.120 -0.680
 -0.110 -0.700
 -0.090 -0.660
 -0.090 -0.700
 -0.100 -0.730
 -0.110 -0.700
 -0.110 -0.650
 -0.090 -0.640
 -0.080 -0.680
 -0.090 -0.690
 -0.080 -0.660
 -0.080 -0.620
 -0.100 -0.590
 -0.080 -0.580
 -0.050 -0.500
 -0.030 -0.390
 -0.030 -0.320
 -0.030 -0.230
  0.000 -0.120
  0.010 -0.050
 -0.010  0.020
 -0.020  0.150
  0.010  0.180
  0.050  0.170
  0.060  0.320
  0.070  0.370
  0.050  0.300
  0.050  0.290
  0.020  0.410
  0.010  0.450
  0.010  0.480
  0.020  0.510
  0.020  0.540
 -0.010  0.570
 -0.020  0.630
 -0.040  0.670
 -0.050  0.680
 -0.080  0.780
 -0.100  0.850
 -0.100  0.800
 -0.100  0.880
 -0.120  1.000
 -0.130  0.950
 -0.120  0.900
 -0.110  0.870
 -0.120  0.750
 -0.130  0.630
 -0.130  0.560
 -0.120  0.560
 -0.120  0.550
 -0.120  0.480
 -0.130  0.440
 -0.120  0.500
 -0.160  0.530
 -0.180  0.510
 -0.210  0.450
 -0.080  0.390
  0.270  0.260
  0.780  0.080
  1.420  0.010
  1.910 -0.060
  1.950 -0.270
  1.510 -0.360
  0.920 -0.240
  0.520 -0.270
  0.360 -0.450
  0.230 -0.500
  0.080 -0.480
  0.010 -0.550
 -0.040 -0.620
 -0.100 -0.640
 -0.150 -0.640
 -0.170 -0.730
 -0.160 -0.740
 -0.160 -0.670
 -0.170 -0.670
 -0.180 -0.640
 -0.180 -0.630
 -0.190 -0.660
 -0.190 -0.660
 -0.200 -0.520
 -0.180 -0.510
 -0.160 -0.550
 -0.180 -0.540
 -0.180 -0.490
 -0.180 -0.450
 -0.160 -0.360
 -0.180 -0.330
 -0.190 -0.300
 -0.190 -0.190
 -0.190 -0.070
 -0.190  0.070
 -0.200  0.140
 -0.210  0.140
 -0.210  0.250
 -0.180  0.370
 -0.200  0.410
 -0.200  0.420
 -0.190  0.460
 -0.210  0.490
 -0.190  0.530
 -0.190  0.590
 -0.190  0.640
 -0.190  0.660
 -0.190  0.670
 -0.190  0.700
 -0.170  0.760
 -0.170  0.820
 -0.190  0.890
 -0.180  0.950
 -0.160  0.980
 -0.140  1.020
 -0.130  1.040
 -0.130  1.010
 -0.110  0.890
 -0.120  0.740
 -0.130  0.600
 -0.110  0.530
 -0.080  0.490
 -0.060  0.500
 -0.050  0.510
 -0.040  0.480
 -0.020  0.450
  0.030  0.420
  0.040  0.350
  0.030  0.260
  0.040  0.120
  0.090 -0.010
  0.100 -0.120
  0.110 -0.140
  0.120 -0.230
  0.140 -0.260
  0.150 -0.300
  0.130 -0.370
  0.140 -0.420
  0.130 -0.460
  0.140 -0.490
  0.120 -0.540
  0.100 -0.590
  0.080 -0.630
  0.040 -0.660
  0.010 -0.680
  0.000 -0.710
 -0.010 -0.720
 -0.030 -0.680
 -0.030 -0.620
 -0.060 -0.610
 -0.070 -0.600
 -0.080 -0.600
 -0.100 -0.560
 -0.090 -0.550
 -0.070 -0.550
 -0.070 -0.530
 -0.090 -0.490
 -0.100 -0.470
 -0.100 -0.470
 -0.100 -0.430
 -0.100 -0.380
 -0.120 -0.300
 -0.130 -0.220
 -0.120 -0.110
 -0.110  0.010
 -0.120  0.100
 -0.120  0.160
 -0.110  0.200
 -0.100  0.260
 -0.120  0.290
 -0.140  0.320
 -0.120  0.340
 -0.100  0.380
 -0.130  0.430
 -0.130  0.450
 -0.110  0.480
 -0.100  0.520
 -0.110  0.570
 -0.110  0.600
 -0.100  0.630
 -0.090  0.710
 -0.090  0.790
 -0.100  0.820
 -0.090  0.840
 -0.070  0.860
 -0.060  0.840
 -0.070  0.750
 -0.070  0.610
 -0.060  0.520
 -0.070  0.450
 -0.070  0.470
 -0.070  0.430
 -0.070  0.430
 -0.060  0.440
 -0.070  0.450
 -0.070  0.450
 -0.060  0.400
 -0.070  0.340
 -0.070  0.270
 -0.070  0.150
 -0.060  0.040
 -0.050 -0.020
 -0.060 -0.100
 -0.060 -0.130
 -0.070 -0.170
 -0.070 -0.250
 -0.060 -0.290
 -0.060 -0.300
 -0.060 -0.370
 -0.050 -0.430
 -0.050 -0.490
 -0.080 -0.560
 -0.070 -0.620
 -0.070 -0.660
 -0.060 -0.690
 -0.060 -0.730
 -0.070 -0.760
 -0.060 -0.760
 -0.080 -0.720
 -0.070 -0.700
 -0.070 -0.700
 -0.040 -0.700
 -0.010 -0.680
  0.000 -0.650
  0.000 -0.620
  0.010 -0.600
  0.010 -0.570
  0.000 -0.540
  0.000 -0.530
  0.030 -0.500
  0.080 -0.460
  0.100 -0.430
  0.110 -0.430
  0.080 -0.360
  0.070 -0.290
  0.070 -0.190
  0.050 -0.120
  0.040 -0.070
  0.060 -0.030
  0.040  0.030
  0.030  0.100
  0.000  0.120
  0.000  0.140
 -0.020  0.170
 -0.060  0.200
 -0.080  0.210
 -0.090  0.240
 -0.080  0.310
 -0.080  0.350
 -0.080  0.350
 -0.080  0.350
 -0.090  0.430
 -0.100  0.500
 -0.100  0.540
 -0.080  0.600
 -0.080  0.640
 -0.080  0.640
 -0.090  0.640
 -0.090  0.460
 -0.100  0.360
 -0.140  0.270
 -0.180  0.240
 -0.130  0.200
  0.100  0.210
  0.510  0.230
  1.060  0.290
  1.670  0.310
  2.020  0.310
  1.910  0.300
  1.380  0.240
  0.800  0.140
  0.470  0.060
  0.380  0.020
  0.250 -0.020
  0.130 -0.090
  0.060 -0.140
  0.000 -0.200
 -0.070 -0.260
 -0.130 -0.300
 -0.140 -0.390
 -0.130 -0.440
 -0.120 -0.480
 -0.120 -0.480
 -0.130 -0.530
 -0.130 -0.560
 -0.140 -0.590
 -0.140 -0.630
 -0.140 -0.710
 -0.130 -0.750
 -0.130 -0.730
 -0.130 -0.710
 -0.140 -0.710
 -0.120 -0.700
 -0.120 -0.650
 -0.130 -0.590
 -0.130 -0.590
 -0.140 -0.590
 -0.140 -0.570
 -0.130 -0.550
 -0.140 -0.550
 -0.140 -0.560
 -0.130 -0.540
 -0.130 -0.490
 -0.130 -0.450
 -0.130 -0.410
 -0.110 -0.350
 -0.120 -0.290
 -0.130 -0.270
 -0.130 -0.240
 -0.130 -0.190
 -0.130 -0.130
 -0.120 -0.100
 -0.130 -0.090
 -0.130 -0.100
 -0.130 -0.040
 -0.120  0.040
 -0.110  0.070
 -0.090  0.060
 -0.070  0.090
 -0.090  0.110
 -0.090  0.150
 -0.070  0.180
 -0.060  0.230
 -0.050  0.290
 -0.040  0.390
 -0.030  0.420
  0.000  0.360
  0.010  0.280
  0.020  0.190
  0.050  0.100
  0.070  0.050
  0.090  0.080
  0.090  0.090
  0.110  0.170
  0.140  0.210
  0.170  0.230
  0.160  0.250
  0.180  0.250
  0.220  0.220
  0.230  0.170
  0.220  0.110
  0.230  0.060
  0.240 -0.030
  0.230 -0.100
  0.220 -0.160
  0.210 -0.220
  0.200 -0.280
  0.180 -0.330
  0.160 -0.340
  0.130 -0.370
  0.120 -0.430
  0.120 -0.460
  0.100 -0.480
  0.080 -0.490
  0.070 -0.510
  0.070 -0.540
  0.060 -0.530
  0.060 -0.540
  0.060 -0.580
  0.070 -0.560
  0.070 -0.470
  0.030 -0.480
  0.060 -0.490
  0.080 -0.420
  0.080 -0.330
  0.050 -0.330
  0.030 -0.370
  0.040 -0.370
  0.060 -0.320
  0.050 -0.280
  0.050 -0.310
  0.050 -0.360
  0.060 -0.330
  0.030 -0.270
  0.030 -0.230
  0.060 -0.240
  0.080 -0.220
  0.050 -0.180
  0.040 -0.190
  0.050 -0.240
  0.060 -0.220
  0.050 -0.140
  0.050 -0.120
  0.060 -0.130
  0.080 -0.110
  0.070 -0.030
  0.070  0.010
  0.090  0.030
  0.110  0.030
  0.110  0.060
  0.130  0.090
  0.120  0.120
  0.120  0.170
  0.120  0.220
  0.130  0.270
  0.120  0.290
  0.140  0.260
  0.150  0.230
  0.160  0.210
  0.150  0.130
  0.150  0.070
  0.170  0.080
  0.170  0.130
  0.150  0.170
  0.160  0.200
  0.170  0.250
  0.160  0.300
  0.170  0.320
  0.190  0.280
  0.210  0.250
  0.200  0.230
  0.180  0.190
  0.170  0.140
  0.190  0.120
  0.210  0.090
  0.190  0.030
  0.180  0.000
  0.190 -0.060
  0.210 -0.110
  0.210 -0.180
  0.200 -0.230
  0.210 -0.270
  0.210 -0.270
  0.200 -0.250
  0.200 -0.280
  0.230 -0.310
  0.250 -0.330
  0.240 -0.340
  0.210 -0.360
  0.230 -0.370
  0.250 -0.340
  0.250 -0.300
  0.250 -0.280
  0.280 -0.240
  0.280 -0.210
  0.280 -0.160
  0.290 -0.140
  0.320 -0.170
  0.340 -0.180
  0.350 -0.160
  0.320 -0.180
  0.330 -0.180
  0.350 -0.180
  0.380 -0.160
  0.390 -0.130
  0.410 -0.130
  0.440 -0.140
  0.440 -0.140
  0.400 -0.140
  0.380 -0.160
  0.390 -0.130
  0.390 -0.140
  0.400 -0.160
  0.390 -0.170
  0.380 -0.160
  0.380 -0.120
  0.370 -0.060
  0.360 -0.040
  0.320  0.020
  0.310  0.010
  0.300  0.020
  0.290  0.050
  0.260  0.050
  0.290  0.100
  0.290  0.180
  0.280  0.220
  0.270  0.220
  0.290  0.260
  0.300  0.270
  0.290  0.230
  0.280  0.150
  0.270  0.090
  0.290  0.080
  0.300  0.120
  0.280  0.080
  0.270  0.060
  0.240  0.130
  0.220  0.150
  0.230  0.150
  0.360  0.130
  0.660  0.070
  1.130  0.040
  1.290  0.030
  2.180 -0.060
  2.380 -0.070
  2.090 -0.090
  1.570 -0.150
  1.070 -0.200
  0.830 -0.220
  0.730 -0.270
  0.620 -0.310
  0.510 -0.360
  0.440 -0.420
  0.380 -0.470
  0.300 -0.490
  0.270 -0.510
  0.270 -0.530
  0.270 -0.570
  0.270 -0.610
  0.260 -0.670
  0.260 -0.700
  0.270 -0.670
  0.260 -0.610
  0.260 -0.550
  0.260 -0.520
  0.270 -0.490
  0.270 -0.380
  0.270 -0.350
  0.250 -0.390
  0.270 -0.390
  0.260 -0.390
  0.270 -0.360
  0.260 -0.310
  0.250 -0.270
  0.270 -0.330
  0.260 -0.370
  0.250 -0.280
  0.270 -0.210
  0.270 -0.160
  0.260 -0.100
  0.260 -0.080
  0.270 -0.050
  0.260 -0.010
  0.260 -0.040
  0.250 -0.020
  0.260  0.040
  0.270  0.060
  0.260  0.090
  0.250  0.170
  0.260  0.220
  0.270  0.290
  0.280  0.310
  0.280  0.290
  0.260  0.280
  0.290  0.400
  0.300  0.490
  0.300  0.580
  0.290  0.580
  0.300  0.600
  0.320  0.600
  0.310  0.460
  0.320  0.370
  0.330  0.330
  0.350  0.340
  0.360  0.320
  0.360  0.240
  0.380  0.240
  0.400  0.280
  0.410  0.310
  0.420  0.270
  0.460  0.200
  0.500  0.070
  0.510 -0.030
  0.490 -0.040
  0.510 -0.040
  0.540 -0.120
  0.530 -0.100
  0.530 -0.080
  0.570 -0.190
  0.580 -0.340
  0.550 -0.380
  0.520 -0.370
  0.520 -0.430
  0.530 -0.430
  0.520 -0.460
  0.480 -0.560
  0.460 -0.640
  0.460 -0.630
  0.450 -0.600
  0.410 -0.630
  0.390 -0.620
  0.380 -0.550
  0.390 -0.540
  0.370 -0.510
  0.360 -0.410
  0.340 -0.390
  0.330 -0.420
  0.330 -0.360
  0.320 -0.330
  0.330 -0.390
  0.330 -0.390
  0.320 -0.320
  0.320 -0.300
  0.300 -0.220
  0.320 -0.170
  0.300 -0.110
  0.280 -0.030
  0.270  0.020
  0.290  0.090
  0.280  0.180
  0.260  0.190
  0.260  0.160
  0.270  0.190
  0.260  0.230
  0.260  0.250
  0.240  0.300
  0.250  0.360
  0.260  0.410
  0.240  0.450
  0.240  0.460
  0.240  0.480
  0.250  0.570
  0.240  0.650
  0.250  0.670
  0.260  0.710
  0.260  0.770
  0.250  0.830
  0.260  0.840
  0.240  0.750
  0.250  0.620
  0.260  0.500
  0.260  0.440
  0.250  0.410
  0.250  0.400
  0.240  0.430
  0.240  0.390
  0.230  0.370
  0.240  0.370
  0.250  0.280
  0.230  0.160
  0.200  0.040
  0.210 -0.050
  0.210 -0.080
  0.220 -0.140
  0.190 -0.230
  0.200 -0.310
  0.200 -0.320
  0.200 -0.310
  0.180 -0.380
  0.190 -0.450
  0.180 -0.470
  0.170 -0.500
  0.160 -0.510
  0.180 -0.580
  0.190 -0.620
  0.180 -0.640
  0.160 -0.660
  0.140 -0.690
  0.160 -0.700
  0.180 -0.690
  0.160 -0.660
  0.140 -0.640
  0.150 -0.590
  0.160 -0.520
  0.130 -0.480
  0.140 -0.460
  0.140 -0.440
  0.130 -0.400
  0.130 -0.370
  0.130 -0.350
  0.130 -0.360
  0.140 -0.310
  0.130 -0.240
  0.120 -0.180
  0.120 -0.120
  0.150 -0.050
  0.130  0.020
  0.130  0.040
  0.160  0.090
  0.180  0.130
  0.180  0.200
  0.150  0.250
  0.150  0.270
  0.180  0.310
  0.180  0.360
  0.190  0.400
  0.220  0.440
  0.260  0.460
  0.230  0.490
  0.190  0.550
  0.180  0.590
  0.200  0.630
  0.180  0.690
  0.170  0.750
  0.150  0.770
  0.140  0.770
  0.150  0.730
  0.120  0.660
  0.100  0.540
  0.070  0.470
  0.060  0.460
  0.030  0.470
  0.020  0.470
  0.000  0.440
  0.010  0.440
  0.010  0.450
 -0.010  0.420
 -0.040  0.330
 -0.010  0.240
 -0.010  0.130
 -0.020  0.010
 -0.030 -0.110
 -0.020 -0.160
 -0.020 -0.180
 -0.040 -0.210
 -0.040 -0.260
 -0.050 -0.280
 -0.100 -0.290
 -0.150 -0.330
 -0.100 -0.390
  0.130 -0.430
  0.560 -0.440
  1.120 -0.450
  1.660 -0.510
  1.940 -0.530
  1.780 -0.520
  1.250 -0.520
  1.070 -0.520
  0.450 -0.510
  0.350 -0.490
  0.230 -0.450
  0.100 -0.390
  0.030 -0.350
 -0.010 -0.320
 -0.070 -0.260
 -0.140 -0.230
 -0.190 -0.250
 -0.170 -0.280
 -0.160 -0.220
 -0.160 -0.190
 -0.170 -0.190
 -0.170 -0.180
 -0.170 -0.140
 -0.170 -0.110
 -0.180 -0.090
 -0.200 -0.080
 -0.200 -0.020
 -0.200  0.030
 -0.200  0.050
 -0.200  0.050
 -0.200  0.080
 -0.210  0.130
 -0.220  0.140
 -0.220  0.170
 -0.200  0.250
 -0.220  0.290
 -0.240  0.300
 -0.250  0.330
 -0.230  0.400
 -0.230  0.470
 -0.230  0.510
 -0.250  0.550
 -0.250  0.610
 -0.250  0.630
 -0.250  0.580
 -0.270  0.500
 -0.250  0.400
 -0.240  0.340
 -0.260  0.320
 -0.260  0.280
 -0.270  0.270
 -0.260  0.340
 -0.260  0.380
 -0.260  0.390
 -0.250  0.400
 -0.240  0.370
 -0.240  0.310
 -0.250  0.290
 -0.250  0.160
 -0.230  0.090
 -0.220  0.020
 -0.220  0.010
 -0.210 -0.060
 -0.190 -0.090
 -0.170 -0.100
 -0.170 -0.150
 -0.180 -0.210
 -0.150 -0.250
 -0.130 -0.260
 -0.120 -0.280
 -0.120 -0.310
 -0.080 -0.330
 -0.050 -0.320
 -0.060 -0.350
 -0.040 -0.380
 -0.020 -0.380
 -0.010 -0.330
 -0.020 -0.310
 -0.010 -0.300
 -0.010 -0.260
  0.010 -0.210
  0.020 -0.130
  0.020 -0.100
 -0.010 -0.130
 -0.030 -0.090
 -0.040 -0.030
 -0.070 -0.020
 -0.090 -0.010
 -0.090 -0.010
 -0.110  0.030
 -0.130  0.060
 -0.170  0.050
 -0.170  0.050
 -0.180  0.030
 -0.190  0.050
 -0.210  0.050
 -0.210  0.020
 -0.200  0.030
 -0.210  0.050
 -0.230  0.040
 -0.240  0.050
 -0.230  0.090
 -0.240  0.160
 -0.270  0.210
 -0.260  0.220
 -0.240  0.220
 -0.240  0.290
 -0.250  0.310
 -0.280  0.310
 -0.270  0.350
 -0.260  0.420
 -0.270  0.440
 -0.290  0.450
 -0.270  0.530
 -0.270  0.630
 -0.290  0.640
 -0.300  0.610
 -0.290  0.570
 -0.280  0.520
 -0.300  0.420
 -0.290  0.360
 -0.280  0.330
 -0.270  0.350
 -0.300  0.400
 -0.310  0.410
 -0.280  0.410
 -0.260  0.420
 -0.270  0.390
 -0.270  0.290
 -0.280  0.260
 -0.260  0.240
 -0.270  0.240
 -0.280  0.230
 -0.270  0.200
 -0.270  0.170
 -0.260  0.170
 -0.280  0.150
 -0.280  0.070
 -0.280  0.010
 -0.270  0.000
 -0.280 -0.040
 -0.290 -0.100
 -0.270 -0.120
 -0.260 -0.120
 -0.270 -0.150
 -0.270 -0.180
 -0.260 -0.180
 -0.260 -0.190
 -0.270 -0.190
 -0.270 -0.180
 -0.260 -0.150
 -0.260 -0.120
 -0.270 -0.110
 -0.270 -0.090
 -0.270 -0.050
 -0.270 -0.010
 -0.270  0.010
 -0.270  0.020
 -0.280 -0.020
 -0.280  0.010
 -0.270  0.030
 -0.260  0.030
 -0.270  0.050
 -0.270  0.050
 -0.270  0.040
 -0.280  0.050
 -0.270  0.050
 -0.260  0.030
 -0.250  0.030
 -0.270  0.040
 -0.280  0.040
 -0.270  0.030
 -0.270  0.040
 -0.280  0.030
 -0.290  0.030
 -0.270  0.050
 -0.260  0.100
 -0.270  0.140
 -0.280  0.150
 -0.280  0.180
 -0.260  0.210
 -0.260  0.260
 -0.260  0.260
 -0.240  0.250
 -0.210  0.270
 -0.220  0.310
 -0.230  0.370
 -0.230  0.410
 -0.200  0.460
 -0.190  0.510
 -0.190  0.540
 -0.190  0.530
 -0.140  0.490
 -0.120  0.460
 -0.140  0.420
 -0.170  0.360
 -0.160  0.340
 -0.160  0.360
 -0.180  0.390
 -0.190  0.410
 -0.190  0.440
 -0.190  0.470
 -0.200  0.500
 -0.220  0.460
 -0.260  0.360
 -0.270  0.310
 -0.290  0.280
 -0.290  0.290
 -0.320  0.270
 -0.340  0.260
 -0.340  0.270
 -0.340  0.250
 -0.340  0.200
 -0.340  0.170
 -0.330  0.170
 -0.350  0.150
 -0.350  0.090
 -0.340  0.010
 -0.320 -0.020
 -0.350 -0.020
 -0.360 -0.040
 -0.340 -0.070
 -0.350 -0.100
 -0.370 -0.130
 -0.420 -0.180
 -0.440 -0.180
 -0.340 -0.120
 -0.100 -0.090
  0.280 -0.090
  0.790 -0.050
  1.310 -0.020
  1.600  0.000
  1.630  0.000
  1.040 -0.030
  0.540  0.000
  0.230 -0.010
  0.110  0.000
  0.010  0.010
 -0.120  0.010
 -0.190  0.000
 -0.250 -0.030
 -0.280 -0.090
 -0.310 -0.070
 -0.350  0.000
 -0.390  0.050
 -0.400  0.020
 -0.390 -0.020
 -0.380 -0.020
 -0.400  0.000
 -0.410  0.040
 -0.400  0.060
 -0.390  0.100
 -0.400  0.100
 -0.430  0.080
 -0.430  0.120
 -0.390  0.200
 -0.400  0.250
 -0.400  0.240
 -0.410  0.210
 -0.400  0.280
 -0.400  0.370
 -0.410  0.410
 -0.400  0.400
 -0.410  0.480
 -0.390  0.550
 -0.410  0.530
 -0.410  0.480
 -0.390  0.460
 -0.380  0.430
 -0.390  0.380
 -0.410  0.340
 -0.410  0.320
 -0.400  0.300
 -0.400  0.350
 -0.410  0.370
 -0.410  0.400
 -0.390  0.430
 -0.400  0.380
 -0.400  0.300
 -0.410  0.280
 -0.400  0.280
 -0.400  0.230
 -0.400  0.200
 -0.380  0.140
 -0.370  0.150
 -0.370  0.060
 -0.370  0.020
 -0.370 -0.030
 -0.350 -0.090
 -0.340 -0.140
 -0.340 -0.210
 -0.320 -0.280
 -0.310 -0.320
 -0.300 -0.330
 -0.290 -0.340
 -0.280 -0.360
 -0.250 -0.380
 -0.230 -0.390
 -0.230 -0.420
 -0.230 -0.510
 -0.190 -0.510
 -0.160 -0.400
 -0.150 -0.350
 -0.140 -0.310
 -0.120 -0.310
 -0.110 -0.290
 -0.100 -0.200
 -0.090 -0.180
 -0.070 -0.170
 -0.050 -0.150
 -0.070 -0.120
 -0.070 -0.160
 -0.060 -0.180
 -0.050 -0.110
 -0.070 -0.070
 -0.090 -0.060
 -0.100 -0.040
 -0.100  0.040
 -0.120  0.100
 -0.150  0.110
 -0.170  0.090
 -0.180  0.100
 -0.180  0.190
 -0.190  0.290
 -0.220  0.280
 -0.240  0.250
 -0.230  0.330
 -0.230  0.360
 -0.250  0.390
 -0.250  0.430
 -0.230  0.490
 -0.230  0.500
 -0.230  0.490
 -0.260  0.580
 -0.240  0.660
 -0.240  0.720
 -0.240  0.780
 -0.250  0.830
 -0.250  0.850
 -0.250  0.810
 -0.270  0.690
 -0.280  0.600
 -0.250  0.550
 -0.250  0.500
 -0.270  0.440
 -0.260  0.440
 -0.250  0.450
 -0.250  0.390
 -0.270  0.380
 -0.280  0.430
 -0.280  0.400
 -0.260  0.270
 -0.260  0.180
 -0.280  0.140
 -0.260  0.090
